-8.596232533454895020e-02
-8.315785787999629974e-03
1.783301532268524170e-01
1.675209403038024902e-02
7.397826015949249268e-02
1.635462492704391479e-01
-8.776908362051472068e-05
-2.931043207645416260e-01
4.875408113002777100e-02
1.928438693284988403e-01
-4.397154152393341064e-01
9.321575053036212921e-03
-2.592995017766952515e-02
3.427249491214752197e-01
5.054638907313346863e-02
-1.647558659315109253e-01
1.896244101226329803e-02
-3.473500022664666176e-03
1.076251193881034851e-01
2.486679404973983765e-01
-2.076487243175506592e-01
-9.238645434379577637e-02
8.320111036300659180e-02
7.466351985931396484e-02
-3.958257734775543213e-01
-7.832229137420654297e-02
-5.782251954078674316e-01
-3.541720332577824593e-03
4.818046092987060547e-02
4.515088498592376709e-01
-3.282486498355865479e-01
-4.032200872898101807e-01
3.974377810955047607e-01
-1.127403080463409424e-01
-1.850059255957603455e-02
7.148598786443471909e-03
-6.176232099533081055e-01
-3.574960306286811829e-02
8.058272600173950195e-01
-1.400417834520339966e-01
1.825767308473587036e-01
1.011970639228820801e-01
1.205712673254311085e-03
1.412904169410467148e-02
-6.358906030654907227e-01
5.761064589023590088e-02
6.973305344581604004e-02
2.294572256505489349e-02
2.991610206663608551e-02
-4.625599980354309082e-01
5.124729871749877930e-01
-2.588158249855041504e-01
-1.697479933500289917e-01
-1.932591944932937622e-01
-1.271713972091674805e-01
3.183256089687347412e-01
-1.503364183008670807e-02
-2.616185545921325684e-01
2.410471672192215919e-03
-2.822548151016235352e-01
-3.540083467960357666e-01
-4.445303082466125488e-01
-2.934658527374267578e-01
8.385362103581428528e-03
6.014088392257690430e-01
-1.381939202547073364e-01
5.833354312926530838e-03
-2.166808843612670898e-01
1.976513862609863281e-01
-2.890744805335998535e-02
-7.234884053468704224e-02
-1.251246780157089233e-01
-5.795618891716003418e-01
6.249026656150817871e-01
2.314689904451370239e-01
7.343441247940063477e-02
-1.755303936079144478e-03
1.361939124763011932e-03
1.603555232286453247e-01
2.242127209901809692e-01
-6.385732293128967285e-01
8.052653074264526367e-02
8.234548568725585938e-02
-7.586781978607177734e-01
-1.331524550914764404e-01
-5.502251386642456055e-01
2.828030884265899658e-01
-8.834567666053771973e-02
6.018791198730468750e-01
1.162015721201896667e-01
-1.214156374335289001e-01
2.983335852622985840e-01
-4.549639225006103516e-01
-1.450169533491134644e-01
-4.919978976249694824e-01
1.281441897153854370e-01
3.903078138828277588e-01
2.711012773215770721e-02
-2.563438713550567627e-01
1.474804943427443504e-03
-9.005545079708099365e-02
6.898420304059982300e-02
1.050616204738616943e-01
3.549806028604507446e-02
8.788102269172668457e-01
-1.676859110593795776e-01
-1.585484594106674194e-01
1.536990106105804443e-01
-1.489056497812271118e-01
-4.060040414333343506e-01
6.537649780511856079e-02
1.551273763179779053e-01
-1.272982731461524963e-02
9.728770703077316284e-02
-1.383024752140045166e-01
-1.152166873216629028e-01
3.676560148596763611e-02
3.068703413009643555e-01
-4.769991934299468994e-01
-5.124108195304870605e-01
3.013709485530853271e-01
1.590858101844787598e-01
1.154791265726089478e-01
-1.744155436754226685e-01
-5.810103416442871094e-01
-6.369970738887786865e-02
-3.006305694580078125e+00
2.064121142029762268e-02
