-8.094557374715805054e-02
-1.512301415205001831e-01
8.854284882545471191e-01
-4.789335131645202637e-01
-2.184257358312606812e-01
2.977680861949920654e-01
-1.947305947542190552e-01
-8.512979745864868164e-01
-3.003060221672058105e-01
1.755741983652114868e-01
-3.380391001701354980e-01
4.516978263854980469e-01
2.729421555995941162e-01
4.130984842777252197e-01
-1.894624829292297363e-01
-1.482451707124710083e-01
-5.217682719230651855e-01
3.747660517692565918e-01
3.893674910068511963e-02
4.516658782958984375e-01
-8.214050531387329102e-02
-2.321471124887466431e-01
2.348361760377883911e-01
1.873916238546371460e-01
-5.014410018920898438e-01
-4.563074409961700439e-01
-1.099376529455184937e-01
-2.669046819210052490e-02
2.433682829141616821e-01
6.558591723442077637e-01
3.083276450634002686e-01
8.445213735103607178e-02
3.313706442713737488e-02
-1.505561023950576782e-01
4.888949170708656311e-02
2.849718034267425537e-01
-9.481355547904968262e-01
-2.556728124618530273e-01
6.831139326095581055e-01
1.540101021528244019e-01
3.112128973007202148e-01
1.552002131938934326e-01
-8.150337636470794678e-02
2.854981422424316406e-01
-4.877743422985076904e-01
-3.694859445095062256e-01
-1.266526877880096436e-01
-3.971138969063758850e-02
-4.825491011142730713e-01
-6.816150546073913574e-01
7.836773395538330078e-01
-5.637732148170471191e-01
-7.300486415624618530e-02
-3.452909588813781738e-01
1.001174330711364746e+00
5.935973525047302246e-01
2.605268955230712891e-01
-2.519316673278808594e-01
2.741043269634246826e-01
-3.122151456773281097e-02
-2.870036363601684570e-01
-4.069961607456207275e-01
-4.764574766159057617e-01
1.348553597927093506e-02
9.686807990074157715e-01
1.175017841160297394e-02
1.813422888517379761e-01
-3.293485939502716064e-01
-4.437867701053619385e-01
-5.104853212833404541e-02
6.668896973133087158e-02
-2.380097471177577972e-02
-1.469769716262817383e+00
4.343962967395782471e-01
8.478381633758544922e-01
2.915256619453430176e-01
-3.830085396766662598e-01
5.100929141044616699e-01
-3.870359063148498535e-01
3.215202987194061279e-01
-1.116095662117004395e+00
1.678466945886611938e-01
-1.035841479897499084e-01
-8.974944949150085449e-01
-9.207417964935302734e-01
4.122453927993774414e-01
1.173883080482482910e-01
5.351992845535278320e-01
1.968126446008682251e-01
7.821960747241973877e-02
-2.030107229948043823e-01
4.608526825904846191e-02
-1.155048161745071411e-01
-1.500078886747360229e-01
1.953401714563369751e-01
6.924831122159957886e-02
1.843260079622268677e-01
3.350473940372467041e-01
-3.092310726642608643e-01
5.180756095796823502e-03
-1.698357313871383667e-01
1.208987832069396973e-01
-2.149754613637924194e-01
5.045889616012573242e-01
1.029485464096069336e+00
-1.333623845130205154e-02
-3.317906707525253296e-02
-2.263177931308746338e-01
2.206653207540512085e-01
-1.969870328903198242e-01
3.758306503295898438e-01
-4.776194393634796143e-01
-9.985374808311462402e-01
3.607334941625595093e-02
2.846225500106811523e-01
3.670107573270797729e-02
8.523884415626525879e-01
-2.457429915666580200e-01
-4.238829016685485840e-01
-4.122491180896759033e-01
8.050944805145263672e-01
-3.486053943634033203e-01
1.863383948802947998e-01
-6.479392051696777344e-01
-8.987075090408325195e-01
-5.610871911048889160e-01
-3.038251876831054688e+00
4.251396283507347107e-02
