-7.203484419733285904e-04
-1.656690426170825958e-02
1.552263200283050537e-01
7.652956247329711914e-02
1.570087969303131104e-01
-8.308175206184387207e-02
-1.382821798324584961e-01
-2.955581843852996826e-01
6.385642290115356445e-02
9.078054130077362061e-02
-4.049048945307731628e-02
2.395049855113029480e-02
3.141876310110092163e-02
6.843383610248565674e-02
-7.386042177677154541e-02
-3.360202312469482422e-01
-6.430137157440185547e-02
-1.987408995628356934e-01
-6.561222672462463379e-02
5.595241487026214600e-02
-3.916896283626556396e-01
-2.903643548488616943e-01
7.053201645612716675e-02
-8.731832355260848999e-02
-2.467388808727264404e-01
-8.663633465766906738e-02
-5.063662528991699219e-01
-8.764731884002685547e-02
-2.802163660526275635e-01
-7.514213025569915771e-02
2.904827333986759186e-02
-4.078134596347808838e-01
2.050385028123855591e-01
-4.919355735182762146e-02
-3.633041977882385254e-01
-1.769697964191436768e-01
-1.347236931324005127e-01
-2.320336848497390747e-01
3.939663469791412354e-01
-2.008903771638870239e-01
5.770175457000732422e-01
-6.885058432817459106e-02
1.269276291131973267e-01
6.231126934289932251e-02
-3.262906074523925781e-01
3.688064813613891602e-01
-3.374483436346054077e-02
-1.141445264220237732e-01
-3.647099137306213379e-01
4.724137112498283386e-02
1.663642376661300659e-01
-2.258055756101384759e-04
-3.658273816108703613e-01
-2.968740165233612061e-01
-1.468976140022277832e-01
2.500397264957427979e-01
-3.758549690246582031e-02
-1.148466393351554871e-01
1.264110207557678223e-01
-2.054490298032760620e-01
-2.080464661121368408e-01
-4.010908603668212891e-01
1.205079816281795502e-02
4.938580691814422607e-01
2.312993556261062622e-01
-1.653599888086318970e-01
7.969892024993896484e-02
-2.270643711090087891e-01
3.172808885574340820e-01
3.484706580638885498e-02
9.034208953380584717e-02
-3.367561697959899902e-01
-1.861684322357177734e-01
5.713122487068176270e-01
-2.412109635770320892e-02
1.617310494184494019e-01
-1.295300871133804321e-01
1.835885494947433472e-01
-1.165289990603923798e-02
2.666940987110137939e-01
-3.997055292129516602e-01
2.990165259689092636e-03
-2.122450917959213257e-01
-5.136196613311767578e-01
4.773722216486930847e-02
-2.261047363281250000e-01
2.425377070903778076e-01
1.648829877376556396e-01
3.797004222869873047e-01
-7.419040799140930176e-02
-6.361328065395355225e-02
2.296063452959060669e-01
-1.489665359258651733e-01
2.728877365589141846e-01
-1.043933704495429993e-01
1.893807798624038696e-01
3.982039913535118103e-02
-4.015249758958816528e-02
-8.612181991338729858e-02
-2.535984218120574951e-01
5.475061759352684021e-02
1.398528367280960083e-01
-2.396770520135760307e-03
-4.119979143142700195e-01
3.221603631973266602e-01
2.423696592450141907e-02
-3.334642648696899414e-01
2.809497117996215820e-01
5.118891969323158264e-02
-5.084824562072753906e-01
2.512866854667663574e-01
1.659145951271057129e-01
-1.710425168275833130e-01
3.513867557048797607e-01
-1.467600371688604355e-02
2.870924174785614014e-01
-7.896739989519119263e-02
1.137460544705390930e-01
-1.514372080564498901e-01
1.903076469898223877e-02
2.027917951345443726e-01
5.610724445432424545e-03
4.699848592281341553e-01
-3.147518634796142578e-01
-4.364076554775238037e-01
-1.163476184010505676e-01
-3.027244806289672852e+00
-2.705188393592834473e-01
