-6.999910622835159302e-02
1.257223486900329590e-01
5.050010681152343750e-01
4.555971547961235046e-02
-7.430055737495422363e-02
1.878158599138259888e-01
-1.752746254205703735e-01
-4.995875060558319092e-01
7.409324496984481812e-02
-2.721747756004333496e-01
-2.621423900127410889e-01
4.672323912382125854e-02
-4.953927919268608093e-02
-2.563245296478271484e-01
1.104519739747047424e-01
-4.766102135181427002e-02
-1.234074085950851440e-01
-8.636061102151870728e-03
3.308870494365692139e-01
9.551125764846801758e-02
-1.327363848686218262e-01
-2.893397212028503418e-01
3.475467264652252197e-01
3.974201157689094543e-02
-6.158813238143920898e-01
-2.497367709875106812e-01
-4.468244612216949463e-01
-1.317805051803588867e-01
-2.167645692825317383e-01
1.593416780233383179e-01
-1.946965903043746948e-01
6.995958834886550903e-02
-5.725184455513954163e-02
3.288059830665588379e-01
-4.261618256568908691e-01
1.712005287408828735e-01
-5.871568918228149414e-01
-2.119078785181045532e-01
9.528512358665466309e-01
-4.491310417652130127e-01
5.338937044143676758e-01
-1.220248490571975708e-01
-1.777755171060562134e-01
8.899880200624465942e-02
-4.874683320522308350e-01
2.289915680885314941e-01
-1.366103887557983398e-01
-2.723140418529510498e-01
-1.129794567823410034e-01
-2.255747914314270020e-01
-1.043212935328483582e-01
-1.486800462007522583e-01
8.792202919721603394e-02
-3.756946027278900146e-01
-1.829175651073455811e-01
3.897711932659149170e-01
3.677420690655708313e-02
-3.411660492420196533e-01
-4.033724218606948853e-02
-5.233488678932189941e-01
-6.921122074127197266e-01
-3.466122448444366455e-01
1.584320445545017719e-03
6.963605433702468872e-02
7.781972289085388184e-01
-1.984478533267974854e-02
5.669353902339935303e-02
-5.815041661262512207e-01
4.040217697620391846e-01
-1.940690875053405762e-01
1.395962759852409363e-02
-3.438113331794738770e-01
-2.469755262136459351e-01
5.943093895912170410e-01
2.474832721054553986e-02
4.878314733505249023e-01
-3.851457536220550537e-01
-1.148694977164268494e-01
3.487346172332763672e-01
4.035520181059837341e-02
-2.690993547439575195e-01
4.656007513403892517e-02
1.057184413075447083e-01
-9.827300906181335449e-01
-1.703752130270004272e-01
-8.267697691917419434e-02
5.814789533615112305e-01
2.842127084732055664e-01
3.002493381500244141e-01
-1.877639889717102051e-01
1.835392415523529053e-01
-4.136286303400993347e-02
-3.720572888851165771e-01
1.120868101716041565e-01
-4.461868703365325928e-01
-3.661007061600685120e-02
2.693002521991729736e-01
-1.831026375293731689e-01
4.827513694763183594e-01
1.082386076450347900e-01
-2.467023432254791260e-01
2.479656338691711426e-01
1.384188532829284668e-01
-4.334464669227600098e-01
7.307457923889160156e-01
2.821043692529201508e-02
-2.906547114253044128e-02
5.267252922058105469e-01
1.833367161452770233e-02
3.040620386600494385e-01
-5.775613710284233093e-02
-9.857865422964096069e-02
-2.282309234142303467e-01
-2.103102207183837891e-02
1.417884081602096558e-01
1.239770501852035522e-01
1.843366771936416626e-02
4.018829464912414551e-01
-2.872858643531799316e-01
-2.313259094953536987e-01
1.030015200376510620e-01
2.785714268684387207e-01
-6.166245415806770325e-02
-1.892460137605667114e-01
-4.675751030445098877e-01
-2.776266038417816162e-01
-2.987581253051757812e+00
-1.106874272227287292e-01
