-1.272843033075332642e-01
-9.033641964197158813e-02
2.395233064889907837e-01
-2.678576111793518066e-01
5.462221503257751465e-01
-2.268064953386783600e-02
2.041990756988525391e-01
-5.840417742729187012e-01
-3.472297266125679016e-02
-1.524549871683120728e-01
-3.389454483985900879e-01
6.325903534889221191e-02
-2.509436607360839844e-01
-3.422177135944366455e-01
-1.057435944676399231e-01
4.377701133489608765e-02
-1.216515079140663147e-01
-1.325131207704544067e-01
1.943923532962799072e-01
1.778806596994400024e-01
6.195814535021781921e-02
-5.150667205452919006e-02
5.619055777788162231e-02
-1.563202291727066040e-01
-1.731066554784774780e-01
4.488860070705413818e-01
-5.960803031921386719e-01
9.474051184952259064e-03
1.857417374849319458e-01
8.041542172431945801e-01
1.250200122594833374e-01
-3.547633886337280273e-01
2.409648448228836060e-01
1.117977261543273926e+00
-6.193752288818359375e-01
1.356626451015472412e-01
-3.991641998291015625e-01
-3.179721832275390625e-01
7.569530606269836426e-01
-6.194226145744323730e-01
3.015042543411254883e-01
-2.020245417952537537e-02
1.388161480426788330e-01
4.572015106678009033e-01
-1.139937758445739746e+00
-2.969262301921844482e-01
5.512992292642593384e-02
-3.272617757320404053e-01
-3.953442871570587158e-01
-1.198777370154857635e-02
-1.402442157268524170e-01
-1.622703969478607178e-01
2.108190506696701050e-01
-6.557345390319824219e-01
-1.149279549717903137e-01
1.924000680446624756e-01
1.449230462312698364e-01
-4.071139991283416748e-01
-4.954620078206062317e-02
-8.731034398078918457e-02
-6.421179771423339844e-01
-2.624694705009460449e-01
-8.490855246782302856e-02
8.769649267196655273e-02
-1.278864145278930664e-01
-6.582841277122497559e-02
2.895476222038269043e-01
1.559360772371292114e-01
-2.346786558628082275e-01
-5.346403717994689941e-01
-2.015448510646820068e-01
-2.867355346679687500e-01
-3.315398693084716797e-01
6.004267930984497070e-01
1.154529955238103867e-02
7.905055582523345947e-02
-3.195616900920867920e-01
2.734214365482330322e-01
-3.581726551055908203e-01
1.004573941230773926e+00
-3.375484943389892578e-01
6.795032881200313568e-03
1.311366409063339233e-01
-2.526610493659973145e-01
-6.143970414996147156e-02
-6.476350426673889160e-01
4.778612777590751648e-02
1.060780361294746399e-01
3.909229934215545654e-01
-4.519293606281280518e-01
3.454466760158538818e-01
-4.917907062917947769e-03
7.779837399721145630e-02
-2.132785171270370483e-01
2.728527784347534180e-01
-1.411065906286239624e-01
1.036510914564132690e-01
-1.031016930937767029e-01
-5.166982412338256836e-01
6.905093789100646973e-02
-2.773104310035705566e-01
1.792601048946380615e-01
6.360831111669540405e-02
-1.337601095438003540e-01
6.154865026473999023e-01
-1.484898179769515991e-01
-4.649118781089782715e-01
-3.583657145500183105e-01
-4.903905987739562988e-01
-3.524693548679351807e-01
4.749533236026763916e-01
-2.105152755975723267e-01
-1.765771657228469849e-01
-3.133563324809074402e-02
2.698970139026641846e-01
7.506307959556579590e-01
2.697715461254119873e-01
9.105724692344665527e-01
3.895327448844909668e-02
-1.545362770557403564e-01
5.928459763526916504e-01
8.157061040401458740e-02
1.157709956169128418e+00
-3.256644308567047119e-01
-6.652787327766418457e-01
-1.327573806047439575e-01
-3.042497873306274414e+00
-2.732079029083251953e-01
