5.982515215873718262e-01
1.341073364019393921e-01
2.060778439044952393e-01
4.386580884456634521e-01
3.775871396064758301e-01
2.092838734388351440e-01
-1.517439335584640503e-01
-5.433355569839477539e-01
-6.192945837974548340e-01
8.610747009515762329e-02
-4.562758654356002808e-02
-9.132405370473861694e-02
-1.004608571529388428e-01
6.116047501564025879e-01
-4.820840060710906982e-01
1.228579059243202209e-01
4.577645361423492432e-01
-1.015619486570358276e-01
1.340237557888031006e-01
3.764047324657440186e-01
3.548457622528076172e-01
2.362585067749023438e-02
-3.881138265132904053e-01
4.754243791103363037e-02
7.318438589572906494e-02
-6.055283546447753906e-01
-6.431978344917297363e-01
-8.976725488901138306e-02
1.171002015471458435e-01
3.413317501544952393e-01
-3.937263488769531250e-01
-8.944123052060604095e-03
-3.369459211826324463e-01
5.189188718795776367e-01
5.620062947273254395e-01
-2.205196470022201538e-01
-5.528978705406188965e-01
1.284084171056747437e-01
5.596612691879272461e-01
1.014715656638145447e-01
1.163145422935485840e+00
3.717075288295745850e-01
3.679440319538116455e-01
-3.645723760128021240e-01
-1.104911804199218750e+00
8.824557811021804810e-02
-2.480650991201400757e-01
-3.165682852268218994e-01
4.758849143981933594e-01
-3.997226357460021973e-01
-4.323061555624008179e-02
6.732320189476013184e-01
-3.255388140678405762e-01
3.537402721121907234e-03
-2.601033747196197510e-01
3.236176967620849609e-01
-3.233250677585601807e-01
-1.118303742259740829e-02
1.962856054306030273e-01
-8.515701889991760254e-01
1.036995351314544678e-01
-8.579492568969726562e-01
-4.025489464402198792e-02
-1.361252665519714355e-01
2.546939253807067871e-01
1.841256022453308105e-01
8.090537041425704956e-02
-2.678877711296081543e-01
4.065132737159729004e-01
-1.779511272907257080e-01
-3.559136092662811279e-01
5.654004216194152832e-01
-2.464383840560913086e-01
6.459830999374389648e-01
-3.448507785797119141e-01
-1.622510403394699097e-01
-2.473160624504089355e-02
-3.391538262367248535e-01
-2.536426186561584473e-01
3.104927949607372284e-02
-8.231495022773742676e-01
8.357571065425872803e-02
-2.023100405931472778e-01
-9.130564332008361816e-01
3.515106439590454102e-01
-4.520509839057922363e-01
3.477859199047088623e-01
-1.861908100545406342e-02
-7.053758949041366577e-02
-1.061719805002212524e-01
-1.698711961507797241e-01
6.010957360267639160e-01
-3.419856429100036621e-01
2.576327025890350342e-01
-6.252573132514953613e-01
1.161082759499549866e-01
1.706055104732513428e-01
-4.404302537441253662e-01
-2.562708854675292969e-01
-4.561168551445007324e-01
-1.137300804257392883e-01
-9.425675868988037109e-02
3.242253065109252930e-01
-5.084760189056396484e-01
1.147753715515136719e+00
-1.944810897111892700e-01
-3.397521004080772400e-02
-2.350008487701416016e-01
-1.076652854681015015e-02
-3.475678861141204834e-01
-2.609305083751678467e-01
7.294535040855407715e-01
1.345954984426498413e-01
-4.575656950473785400e-01
-1.516965776681900024e-01
1.018456101417541504e+00
-2.288154214620590210e-01
8.855491876602172852e-01
-7.503617405891418457e-01
-3.189906775951385498e-01
-2.969487011432647705e-01
-2.453177273273468018e-01
-3.453767597675323486e-01
-2.149068117141723633e-01
-6.700825095176696777e-01
3.837267681956291199e-02
-3.000016212463378906e+00
4.443593025207519531e-01
