1.859141141176223755e-02
-1.999712362885475159e-02
4.344129860401153564e-01
1.515505276620388031e-02
1.233391910791397095e-01
9.456343948841094971e-02
-2.298239767551422119e-01
-9.419730305671691895e-02
2.411110252141952515e-01
4.862213134765625000e-02
-2.452262192964553833e-01
-1.441538631916046143e-01
-5.646805837750434875e-02
3.008318841457366943e-01
1.445280462503433228e-01
1.226765438914299011e-01
-3.465875983238220215e-01
3.378555178642272949e-01
2.101389169692993164e-01
-2.053997665643692017e-01
1.244036331772804260e-01
-1.969301104545593262e-01
-6.882750988006591797e-02
9.527803957462310791e-02
-3.817205429077148438e-01
-1.201824992895126343e-01
-4.362595081329345703e-01
9.132656455039978027e-02
-5.096185952425003052e-02
4.747493192553520203e-03
-3.717060089111328125e-01
-7.576760649681091309e-02
-2.911757230758666992e-01
2.251132018864154816e-02
-2.393989115953445435e-01
-1.782989650964736938e-01
-6.301736235618591309e-01
-4.800619482994079590e-01
3.215006589889526367e-01
-4.349812865257263184e-01
7.213570922613143921e-02
1.172369718551635742e-01
1.073545143008232117e-01
-1.484103053808212280e-01
-2.914011478424072266e-01
-9.922855347394943237e-02
-2.674305737018585205e-01
-2.728412151336669922e-01
-2.820388786494731903e-02
-7.367127388715744019e-02
-1.207089945673942566e-01
-6.868880242109298706e-02
1.050616204738616943e-01
-1.969264298677444458e-01
-1.220154911279678345e-01
-2.041649222373962402e-01
2.975378632545471191e-01
2.282540649175643921e-01
-5.060744285583496094e-02
-1.433204263448715210e-01
-4.387677311897277832e-01
-6.257800459861755371e-01
7.708042860031127930e-02
1.597594916820526123e-01
4.236515760421752930e-01
-2.104447782039642334e-01
-1.360552012920379639e-01
-7.020831853151321411e-02
-8.700776100158691406e-02
-3.376848697662353516e-01
-4.077008664608001709e-01
7.175868749618530273e-02
-1.866378039121627808e-01
9.085431098937988281e-01
2.691595256328582764e-01
2.691724598407745361e-01
-3.220582306385040283e-01
-4.683664999902248383e-03
7.621311116963624954e-03
1.071206629276275635e-01
-4.149442613124847412e-01
1.249381247907876968e-02
-2.344630807638168335e-01
-4.809616133570671082e-02
3.387060761451721191e-02
2.279549092054367065e-01
-1.286145895719528198e-01
2.107283622026443481e-01
-1.720107160508632660e-02
7.502365857362747192e-02
-1.780956089496612549e-01
4.819112643599510193e-02
-4.385478496551513672e-01
4.425827041268348694e-02
4.889792948961257935e-02
-4.989121574908494949e-03
7.341498136520385742e-02
-2.156415730714797974e-01
2.886620350182056427e-02
-3.370521068572998047e-01
1.570771932601928711e-01
2.354081720113754272e-01
1.307237595319747925e-01
-4.058636128902435303e-01
8.064957857131958008e-01
1.997801512479782104e-01
-3.202471733093261719e-01
-4.255714714527130127e-01
-3.089210987091064453e-01
-4.500270485877990723e-01
2.741850614547729492e-01
2.971611618995666504e-01
-9.931891411542892456e-02
5.332306399941444397e-02
2.316539883613586426e-01
6.153272986412048340e-01
-4.728864133358001709e-02
2.203029990196228027e-01
-1.094370987266302109e-02
4.968230426311492920e-02
4.765465855598449707e-01
1.630767881870269775e-01
4.836469888687133789e-01
-2.805226147174835205e-01
-3.886004388332366943e-01
1.137383058667182922e-01
-3.043739795684814453e+00
-1.126115843653678894e-01
