-2.935763914138078690e-03
-9.715627133846282959e-02
4.333778321743011475e-01
-1.515879482030868530e-01
4.179422557353973389e-01
-2.410990297794342041e-01
2.088586688041687012e-01
-5.084030032157897949e-01
1.909662187099456787e-01
5.884744599461555481e-02
-2.358549386262893677e-01
-1.587346494197845459e-01
1.885050386190414429e-01
2.708703875541687012e-01
7.662815600633621216e-02
-1.270329803228378296e-01
-5.364691615104675293e-01
2.513013780117034912e-01
-3.564810752868652344e-01
-3.313351869583129883e-01
5.664226785302162170e-02
-3.204623460769653320e-01
-1.570497751235961914e-01
-1.555502712726593018e-01
-5.218976736068725586e-01
-7.485496997833251953e-02
-4.957050681114196777e-01
-1.385765429586172104e-02
3.100344911217689514e-02
6.573274731636047363e-02
-2.356326282024383545e-01
-2.643247544765472412e-01
-3.909952640533447266e-01
1.770597547292709351e-01
-1.304902076721191406e+00
1.773657351732254028e-01
-6.616578102111816406e-01
-7.313121557235717773e-01
-4.875079169869422913e-02
-7.438938617706298828e-01
2.700185179710388184e-01
1.059324815869331360e-01
1.505637541413307190e-02
-2.958604991436004639e-01
7.006989419460296631e-02
-6.176624894142150879e-01
-2.657126188278198242e-01
-4.808091819286346436e-01
2.995172701776027679e-02
7.302015423774719238e-01
5.194641351699829102e-01
-3.082132339477539062e-01
7.203297317028045654e-02
-6.813434958457946777e-01
-3.709080815315246582e-01
-1.512638479471206665e-01
1.379354447126388550e-01
-2.426728606224060059e-01
-1.334554255008697510e-01
1.203956529498100281e-01
-7.181132435798645020e-01
-6.922834515571594238e-01
3.210577666759490967e-01
2.690333724021911621e-01
1.018478512763977051e+00
2.123511880636215210e-01
8.863622546195983887e-01
3.650401234626770020e-01
4.783708602190017700e-02
-2.387873232364654541e-01
-2.240444719791412354e-01
5.224766135215759277e-01
-4.335122704505920410e-01
1.218986153602600098e+00
-1.486217230558395386e-01
3.052719235420227051e-01
-4.153392612934112549e-01
-5.807662382721900940e-02
1.810019314289093018e-01
-3.639756143093109131e-01
-1.265896260738372803e-01
-8.017587661743164062e-02
-3.393382951617240906e-02
-3.752685710787773132e-02
7.011526077985763550e-02
9.792207479476928711e-01
-2.843056917190551758e-01
1.856909692287445068e-01
4.126740097999572754e-01
3.203468397259712219e-02
9.845782816410064697e-02
3.390153646469116211e-01
-2.917136847972869873e-01
-1.434363126754760742e-01
2.311645895242691040e-01
-4.085356742143630981e-02
9.660786390304565430e-02
-4.392185807228088379e-01
-2.638655900955200195e-01
-2.020998746156692505e-01
-4.180888459086418152e-02
3.367903232574462891e-01
8.446154743432998657e-02
-2.582470774650573730e-01
2.017998456954956055e+00
1.538228839635848999e-01
-4.049421846866607666e-01
-4.878004193305969238e-01
-2.955808043479919434e-01
-1.800678670406341553e-01
6.743935346603393555e-01
-1.115463301539421082e-01
-3.826641291379928589e-02
2.198969423770904541e-01
-2.911754846572875977e-01
-9.997346997261047363e-02
-1.767345368862152100e-01
-1.556238234043121338e-01
2.193893939256668091e-01
6.440929323434829712e-02
-1.793132275342941284e-01
2.636429965496063232e-01
2.962181568145751953e-01
-1.513087600469589233e-01
-5.956990122795104980e-01
-1.369975358247756958e-01
-3.020937442779541016e+00
-8.265269547700881958e-02
