-2.396361529827117920e-01
1.434262692928314209e-01
-2.581615447998046875e-01
2.328465431928634644e-01
-6.448009982705116272e-03
-1.292697638273239136e-01
2.324604392051696777e-01
-5.502948164939880371e-01
-1.100841760635375977e-01
4.396579414606094360e-02
-9.624863415956497192e-02
-5.986264944076538086e-01
1.213855817914009094e-01
-1.248633190989494324e-01
7.341281324625015259e-02
-8.741443604230880737e-02
-7.730031609535217285e-01
6.394546627998352051e-01
-2.415882982313632965e-02
8.059932291507720947e-02
-1.470503360033035278e-01
1.791057735681533813e-01
-1.408621966838836670e-01
-1.552800834178924561e-01
-9.589927643537521362e-02
-6.400514394044876099e-03
-4.009786248207092285e-01
6.169950366020202637e-01
-1.853986643254756927e-02
7.293536514043807983e-02
5.874890461564064026e-02
-3.019854426383972168e-01
6.944075226783752441e-02
1.005541831254959106e-01
1.995017938315868378e-02
-8.848559856414794922e-02
2.591894380748271942e-02
8.129405230283737183e-02
5.159987211227416992e-01
-7.641074061393737793e-02
4.651751220226287842e-01
1.597288101911544800e-01
-4.397993683815002441e-01
8.012297153472900391e-01
1.999351084232330322e-01
-1.842356771230697632e-01
-4.930751621723175049e-01
1.788909882307052612e-01
6.446018815040588379e-01
-6.367669701576232910e-01
2.486140280961990356e-02
-3.643769323825836182e-01
1.140071079134941101e-01
-5.682048797607421875e-01
-2.239500880241394043e-01
9.310880303382873535e-02
2.496942430734634399e-01
-6.077391505241394043e-01
-5.970559120178222656e-01
-5.083817243576049805e-01
-6.101933121681213379e-01
3.910750150680541992e-01
1.878364980220794678e-01
1.927898675203323364e-01
7.594022154808044434e-01
-4.025846719741821289e-01
3.827129304409027100e-01
5.686406418681144714e-02
3.150824904441833496e-01
1.056337729096412659e-01
2.045482397079467773e-01
1.209921121597290039e+00
-7.383915185928344727e-01
2.672576606273651123e-01
-1.330937296152114868e-01
6.711623668670654297e-01
-4.744818210601806641e-01
-6.729364991188049316e-01
-1.486604362726211548e-01
2.940252982079982758e-02
-5.266372561454772949e-01
-2.507519423961639404e-01
-1.155640333890914917e-01
-7.035075426101684570e-01
-4.049111306667327881e-01
-6.576587557792663574e-01
4.345191717147827148e-01
-4.210224449634552002e-01
5.894038081169128418e-01
-4.372549355030059814e-01
-4.695875644683837891e-01
2.638789415359497070e-01
-4.027764797210693359e-01
2.377177588641643524e-02
-4.728863537311553955e-01
4.456417635083198547e-02
4.591544866561889648e-01
5.509989857673645020e-01
-1.560800373554229736e-01
1.345045417547225952e-01
-2.235656380653381348e-01
-3.728873853106051683e-04
1.528871208429336548e-01
-2.844488322734832764e-01
1.190691828727722168e+00
-4.127947688102722168e-01
-4.687194898724555969e-02
9.916441440582275391e-01
-3.360159695148468018e-01
-4.728404879570007324e-01
-7.187315821647644043e-01
4.216443896293640137e-01
5.433095619082450867e-02
4.203197062015533447e-01
-8.934656530618667603e-02
1.149808242917060852e-01
-3.974147140979766846e-01
8.514136075973510742e-01
-5.252904891967773438e-01
-4.261532723903656006e-01
2.842726111412048340e-01
-3.024946451187133789e-01
-4.847477748990058899e-02
-2.606559991836547852e-01
-2.006402015686035156e-01
2.371581196784973145e-01
-3.036233186721801758e+00
-2.358202487230300903e-01
