-8.625932782888412476e-02
-6.677486747503280640e-02
1.629493981599807739e-01
-5.156821608543395996e-01
-4.492787420749664307e-01
1.509566754102706909e-01
-1.198327392339706421e-01
-9.338610172271728516e-01
-1.857518963515758514e-02
-3.130487203598022461e-01
-4.242192506790161133e-01
6.377803534269332886e-02
1.045272201299667358e-01
-1.481292545795440674e-01
-2.230896949768066406e-01
2.199222594499588013e-01
-2.198004722595214844e-01
-2.133706361055374146e-01
3.541651740670204163e-02
-1.947789341211318970e-01
1.681389100849628448e-02
-7.349407672882080078e-01
2.739172875881195068e-01
-1.356717646121978760e-01
-2.040686607360839844e-01
-4.319404363632202148e-01
-3.039193153381347656e-01
1.209336817264556885e-01
3.499437272548675537e-01
2.269877344369888306e-01
-3.173611164093017578e-01
2.079554349184036255e-01
-3.844646513462066650e-01
2.286874055862426758e-01
-4.988884627819061279e-01
-1.746006160974502563e-01
-1.011273622512817383e+00
4.167068377137184143e-02
7.663354873657226562e-01
-2.703900337219238281e-01
3.119294345378875732e-01
2.379554212093353271e-01
2.281685769557952881e-01
-5.932117626070976257e-02
-1.166431307792663574e-01
3.266277313232421875e-01
-4.660636782646179199e-01
-1.108321398496627808e-01
-2.623784840106964111e-01
-1.291978359222412109e-02
-1.604480147361755371e-01
-2.080327719449996948e-01
9.949856996536254883e-01
-9.625847935676574707e-01
4.829661250114440918e-01
2.963200211524963379e-01
5.451678037643432617e-01
-3.976613283157348633e-01
-1.416550576686859131e-02
-3.604028224945068359e-01
-3.973785042762756348e-01
-2.384521365165710449e-01
2.285350710153579712e-01
-2.585653364658355713e-01
1.046722292900085449e+00
-3.702803254127502441e-01
1.716691553592681885e-01
-6.739415526390075684e-01
1.168303713202476501e-01
-5.474275946617126465e-01
5.668631941080093384e-02
-6.691792011260986328e-01
-5.117828845977783203e-01
1.149921298027038574e+00
2.638999223709106445e-01
4.961581230163574219e-01
-5.649289488792419434e-01
5.551877990365028381e-02
1.018185317516326904e-01
-1.754659116268157959e-01
-5.342665687203407288e-02
-1.210993453860282898e-01
4.656028449535369873e-01
-8.209720253944396973e-01
-2.570584118366241455e-01
2.288969159126281738e-01
2.986209094524383545e-01
4.647299647331237793e-02
5.142526626586914062e-01
-5.860093832015991211e-01
5.115861296653747559e-01
-1.873309016227722168e-01
-3.732225000858306885e-01
2.689357399940490723e-01
-5.174180865287780762e-01
1.770852804183959961e-01
3.648098111152648926e-01
-4.026588201522827148e-01
1.199610710144042969e+00
1.945489645004272461e-01
-2.658104300498962402e-01
1.039926409721374512e-01
2.657599151134490967e-01
-2.616716325283050537e-01
1.159265756607055664e+00
-3.944863677024841309e-01
-7.026701420545578003e-02
7.272630929946899414e-01
-1.401850283145904541e-01
2.747884690761566162e-01
-2.671346068382263184e-01
-2.457369118928909302e-01
-1.674651503562927246e-01
-2.402828484773635864e-01
1.131196379661560059e+00
4.576736092567443848e-01
-4.769922792911529541e-01
1.089016914367675781e+00
-3.671983480453491211e-01
-3.031730055809020996e-01
-3.258363604545593262e-01
2.394716441631317139e-01
-2.146893739700317383e-01
-9.434435633011162281e-04
-3.723387122154235840e-01
-3.546090126037597656e-01
-3.004661083221435547e+00
-2.016851305961608887e-01
