-8.578123897314071655e-02
-7.710378617048263550e-02
4.971180856227874756e-02
-2.406115382909774780e-01
-3.080249726772308350e-01
2.311394512653350830e-01
-5.140404105186462402e-01
-2.309965938329696655e-01
-3.990137949585914612e-02
-6.522053480148315430e-02
-3.152686357498168945e-01
2.164967171847820282e-02
3.112905323505401611e-01
3.256912529468536377e-01
-1.758921891450881958e-01
4.896861910820007324e-01
3.609592020511627197e-01
2.720041871070861816e-01
-1.443708986043930054e-01
-1.745837628841400146e-01
-3.162048459053039551e-01
-3.248975574970245361e-01
3.275987692177295685e-03
8.419802784919738770e-01
-3.175499737262725830e-01
1.746303439140319824e-01
-4.649150669574737549e-01
1.697944104671478271e-01
5.036936700344085693e-02
3.269567787647247314e-01
-8.159509897232055664e-01
-3.155487179756164551e-01
-5.740742683410644531e-01
-1.097500845789909363e-01
-6.246412396430969238e-01
-7.350499927997589111e-02
-4.094014465808868408e-01
-4.663347899913787842e-01
3.378822803497314453e-01
-5.478505492210388184e-01
2.912018820643424988e-02
2.427292913198471069e-01
3.246455490589141846e-01
5.893856287002563477e-01
-5.738317966461181641e-01
8.841499686241149902e-01
-3.635533452033996582e-01
-5.547377467155456543e-01
-2.895365655422210693e-01
2.907987311482429504e-02
-2.191062867641448975e-01
-2.317189723253250122e-01
3.693685233592987061e-01
-7.433943748474121094e-01
-5.118940472602844238e-01
9.383013099431991577e-02
3.883872032165527344e-01
-1.366443336009979248e-01
-1.009539589285850525e-01
1.361686736345291138e-01
-8.446064591407775879e-01
-6.152130961418151855e-01
1.110308095812797546e-01
-3.610317781567573547e-02
1.015331864356994629e+00
-7.214565873146057129e-01
8.816379308700561523e-02
3.656998872756958008e-01
5.990267544984817505e-02
-3.588066697120666504e-01
-3.750633597373962402e-01
3.984771370887756348e-01
-9.919225424528121948e-02
1.057619690895080566e+00
3.383145630359649658e-01
5.360742807388305664e-01
-6.612877845764160156e-01
1.079322546720504761e-01
-4.887774586677551270e-01
1.366529613733291626e-01
-2.656241059303283691e-01
-7.866509258747100830e-02
-2.060781717300415039e-01
-1.174272596836090088e-01
5.074442178010940552e-02
-2.685278058052062988e-01
5.670556798577308655e-02
4.566471576690673828e-01
5.187231898307800293e-01
7.774145156145095825e-02
1.766998171806335449e-01
-1.144636794924736023e-01
-6.578792333602905273e-01
2.351175621151924133e-02
2.082210779190063477e-02
6.291028112173080444e-02
2.441329658031463623e-01
-9.448842704296112061e-02
1.685776263475418091e-01
-2.631705105304718018e-01
2.595912814140319824e-01
3.202118277549743652e-01
3.513149917125701904e-01
-3.190327286720275879e-01
8.917720317840576172e-01
-2.911504544317722321e-02
-6.420630216598510742e-01
-8.299279212951660156e-01
-3.273600339889526367e-01
-2.623434364795684814e-01
1.465745270252227783e-01
3.858475387096405029e-01
-3.928183317184448242e-01
-2.382690161466598511e-01
3.418785929679870605e-01
4.094478487968444824e-01
3.647919744253158569e-02
-1.578179001808166504e-01
-1.784613579511642456e-01
-3.643650710582733154e-01
1.093165159225463867e+00
4.079748690128326416e-01
3.862883150577545166e-01
-2.086859792470932007e-01
-5.337643027305603027e-01
-1.116622537374496460e-01
-3.005149364471435547e+00
-1.056794226169586182e-01
