-1.285165399312973022e-01
-1.331612616777420044e-01
6.863494515419006348e-01
1.512022614479064941e-01
1.351306587457656860e-01
-2.103115022182464600e-01
-6.287744641304016113e-02
-5.164356231689453125e-01
1.539065092802047729e-01
6.903383415192365646e-03
-1.642547249794006348e-01
-2.063782066106796265e-01
-2.819737195968627930e-01
6.637935638427734375e-01
-8.569899946451187134e-02
-2.618749439716339111e-01
-5.621474981307983398e-01
-2.921994924545288086e-01
2.807299792766571045e-01
-3.669913392513990402e-03
-2.516042813658714294e-02
-1.847010701894760132e-01
-5.795598626136779785e-01
1.330654323101043701e-02
-3.336390554904937744e-01
2.962293922901153564e-01
-4.426338076591491699e-01
2.798348963260650635e-01
-9.978891909122467041e-02
-8.974232673645019531e-01
-2.759038209915161133e-01
-1.543150246143341064e-01
-5.873945951461791992e-01
-2.478310465812683105e-01
-6.268539279699325562e-02
-4.553199745714664459e-03
-4.075496643781661987e-02
8.943305015563964844e-01
-5.148754641413688660e-02
-2.702230513095855713e-01
6.814103126525878906e-01
1.141704171895980835e-01
3.770307302474975586e-01
7.226936221122741699e-01
-8.929046988487243652e-01
-1.042899340391159058e-01
9.344706311821937561e-03
-3.891223073005676270e-01
-3.664931952953338623e-01
-3.612509369850158691e-01
4.785013794898986816e-01
-3.103260099887847900e-01
7.404485344886779785e-02
5.965092778205871582e-02
5.035051703453063965e-02
8.736734837293624878e-02
1.370310932397842407e-01
-2.484433948993682861e-01
-2.942365109920501709e-01
-2.156396023929119110e-02
-6.304498314857482910e-01
-4.091166853904724121e-01
6.977214813232421875e-01
3.548499047756195068e-01
2.427692115306854248e-01
-3.391186892986297607e-01
-1.563933789730072021e-01
1.375518292188644409e-01
-4.888307303190231323e-02
5.034347176551818848e-01
-8.369398862123489380e-02
-7.881489396095275879e-01
-7.519971132278442383e-01
2.862473130226135254e-01
1.458748430013656616e-01
7.221499830484390259e-02
-1.491774618625640869e-01
-3.322539925575256348e-01
5.042218416929244995e-02
-1.732146739959716797e-01
-2.917528152465820312e-01
-1.382434219121932983e-01
-1.655114144086837769e-01
5.594251155853271484e-01
5.223036408424377441e-01
-1.951663643121719360e-01
8.255601525306701660e-01
-2.072821557521820068e-01
1.570444554090499878e-01
-2.035512924194335938e-01
-5.153889060020446777e-01
6.497231125831604004e-02
1.930195540189743042e-01
1.942899823188781738e-01
7.858603596687316895e-01
-1.025427952408790588e-01
7.415412068367004395e-01
1.954946070909500122e-01
-1.480536311864852905e-01
-4.943897575139999390e-02
1.333701163530349731e-01
1.129338741302490234e-01
-1.587342172861099243e-01
-4.269046485424041748e-01
6.488229036331176758e-01
9.786377102136611938e-02
-1.513121724128723145e-01
-4.418652057647705078e-01
-1.644488126039505005e-01
-9.433709783479571342e-04
5.888480544090270996e-01
3.801603317260742188e-01
-2.311562001705169678e-01
2.246096283197402954e-01
-2.280281782150268555e-01
-3.192967772483825684e-01
-4.627495259046554565e-02
5.411079525947570801e-01
-2.702662488445639610e-03
4.314261674880981445e-01
-6.903385370969772339e-02
-5.316390991210937500e-01
2.983514964580535889e-01
-2.387770265340805054e-01
-5.506177544593811035e-01
1.292619556188583374e-01
-3.060268640518188477e+00
-4.188166856765747070e-01
