6.344193965196609497e-02
6.011955738067626953e-01
-1.846999675035476685e-01
2.722835540771484375e-01
-3.519736975431442261e-02
3.564226329326629639e-01
4.108511209487915039e-01
-7.602871656417846680e-01
1.433137655258178711e-01
-8.577645570039749146e-02
-2.023875946179032326e-03
-4.610843062400817871e-01
4.564176499843597412e-01
-6.989339590072631836e-01
7.056186795234680176e-01
2.743661999702453613e-01
-6.594614386558532715e-01
1.297054290771484375e-01
2.867233939468860626e-02
6.971899867057800293e-01
2.996931970119476318e-01
-1.571983247995376587e-01
-2.763485908508300781e-02
2.311722338199615479e-01
-5.142426490783691406e-01
1.291355341672897339e-01
-5.146813988685607910e-01
-1.748647540807723999e-01
-5.669075846672058105e-01
-2.404394559562206268e-02
-4.696947038173675537e-01
-3.614412248134613037e-02
-7.162989377975463867e-01
6.782140731811523438e-01
1.783169209957122803e-01
1.156075596809387207e-01
5.969238877296447754e-01
-2.658061981201171875e-01
5.953152179718017578e-01
-3.925786316394805908e-01
1.575392931699752808e-01
3.780898451805114746e-01
-3.295806646347045898e-01
-3.197810053825378418e-01
-9.214559793472290039e-01
-7.560345530509948730e-02
1.229772064834833145e-02
3.366839289665222168e-01
-3.930855691432952881e-01
-7.619776129722595215e-01
7.488624006509780884e-02
-6.284702420234680176e-01
-4.949155151844024658e-01
-4.353844821453094482e-01
-4.619183242321014404e-01
1.438956558704376221e-01
-3.497358784079551697e-02
-2.182220518589019775e-01
-3.894098103046417236e-02
4.991656914353370667e-02
-8.123509287834167480e-01
-8.621685504913330078e-01
1.512038260698318481e-01
-8.982469141483306885e-02
1.079684019088745117e+00
2.892641425132751465e-01
-1.294577866792678833e-01
-6.502990722656250000e-01
-7.114956527948379517e-02
-2.967782504856586456e-02
-1.694976091384887695e-01
2.806986868381500244e-01
-7.859498858451843262e-01
4.074322283267974854e-01
-9.178099036216735840e-02
-9.568070620298385620e-02
-2.655617892742156982e-01
-4.037497937679290771e-01
4.561321437358856201e-01
-1.378236860036849976e-01
-7.794120162725448608e-02
-5.227064490318298340e-01
5.700576901435852051e-01
-8.262900114059448242e-01
-6.408672332763671875e-01
-7.096844911575317383e-01
3.967996239662170410e-01
3.152639269828796387e-01
-3.745437562465667725e-01
3.881497383117675781e-01
3.506984114646911621e-01
8.932633996009826660e-01
-1.027050018310546875e-01
9.104306809604167938e-03
-5.181993246078491211e-01
-1.254070848226547241e-01
2.997059226036071777e-01
3.061160817742347717e-02
3.011748492717742920e-01
5.275130644440650940e-02
-6.714576482772827148e-01
-9.649243950843811035e-02
-1.839447580277919769e-02
-2.250514477491378784e-01
6.041246056556701660e-01
1.220077201724052429e-01
-1.802502721548080444e-01
6.161943078041076660e-01
1.320638954639434814e-01
-3.105407357215881348e-01
7.565923929214477539e-01
-4.587839543819427490e-02
-4.493110179901123047e-01
-3.688381314277648926e-01
-6.054683029651641846e-02
5.237913131713867188e-01
3.107168078422546387e-01
8.926021456718444824e-01
-6.225469708442687988e-01
5.030178427696228027e-01
8.002497553825378418e-01
4.462727308273315430e-01
-6.752991676330566406e-02
-7.167962193489074707e-02
-7.116085886955261230e-01
-2.120738625526428223e-01
-3.040947914123535156e+00
-8.365619182586669922e-02
