-2.704916000366210938e-01
1.831856966018676758e-01
-3.020515739917755127e-01
3.894631266593933105e-01
9.155317544937133789e-01
-4.102703630924224854e-01
-1.015524566173553467e-01
-4.793094992637634277e-01
5.917796492576599121e-01
1.024079043418169022e-02
-5.346184968948364258e-02
-2.006382346153259277e-01
1.918244659900665283e-01
1.311022192239761353e-01
-1.168797314167022705e-01
8.586546033620834351e-02
3.334131538867950439e-01
3.203534483909606934e-01
2.681488096714019775e-01
4.561975002288818359e-01
7.221383042633533478e-03
9.993525594472885132e-02
-4.182265400886535645e-01
-4.019478857517242432e-01
-9.180992096662521362e-02
3.538622856140136719e-01
-4.875754714012145996e-01
2.442417740821838379e-01
-3.285168111324310303e-02
1.154735207557678223e+00
-6.783558726310729980e-01
-1.935748010873794556e-01
-1.724818050861358643e-01
-1.287872046232223511e-01
-4.986906349658966064e-01
3.462940156459808350e-01
-2.927831709384918213e-01
-4.185591638088226318e-01
8.388384580612182617e-01
-3.617588803172111511e-02
-7.424350082874298096e-02
1.359009835869073868e-02
-5.362977832555770874e-02
2.868593037128448486e-01
-1.133659005165100098e+00
-5.874691065400838852e-03
-5.773989558219909668e-01
-1.173970103263854980e-01
9.418061375617980957e-02
-9.039814472198486328e-01
-1.422341167926788330e-01
-3.902494311332702637e-01
1.790380775928497314e-01
-4.239024221897125244e-01
1.529856324195861816e-01
1.943801492452621460e-01
1.268561333417892456e-01
-3.776139020919799805e-01
-2.325336337089538574e-01
-4.759534299373626709e-01
-8.301475048065185547e-01
-5.900570154190063477e-01
7.003170847892761230e-01
8.694061636924743652e-02
1.625018358230590820e+00
2.180852442979812622e-01
-7.989231497049331665e-02
-4.077401757240295410e-01
4.322433173656463623e-01
-3.013614118099212646e-01
-2.714964151382446289e-01
-6.965253949165344238e-01
-7.913864254951477051e-01
6.626716256141662598e-01
5.841140449047088623e-02
1.597635261714458466e-02
-6.617870330810546875e-01
-1.672751009464263916e-01
5.893950462341308594e-01
3.330707252025604248e-01
-4.033718705177307129e-01
-2.924095094203948975e-01
1.131456624716520309e-02
-7.077494263648986816e-01
-2.803462743759155273e-01
6.466195732355117798e-02
7.121187448501586914e-01
-4.620466828346252441e-01
8.846314549446105957e-01
1.162905335426330566e+00
4.816761706024408340e-03
-5.857316851615905762e-01
2.575633116066455841e-02
5.270079374313354492e-01
-6.946304440498352051e-01
9.368423372507095337e-02
1.434466987848281860e-01
2.584018744528293610e-02
5.581933856010437012e-01
1.979985088109970093e-02
-4.547605812549591064e-01
1.060681641101837158e-01
1.913548409938812256e-01
-5.245571024715900421e-03
9.429730176925659180e-01
-6.831128597259521484e-01
-4.807083606719970703e-01
-3.853388875722885132e-02
-5.004054307937622070e-01
-5.768783688545227051e-01
-6.423568725585937500e-01
3.619580268859863281e-01
-3.474156856536865234e-01
-2.705712914466857910e-01
-1.230896934866905212e-01
7.447579503059387207e-01
-2.694894075393676758e-01
3.863930404186248779e-01
-4.316483139991760254e-01
-2.963169813156127930e-01
7.256051301956176758e-01
-1.873115301132202148e-01
-2.361196577548980713e-01
6.401388347148895264e-02
-6.430376768112182617e-01
9.152206778526306152e-01
-3.020057201385498047e+00
-3.035669624805450439e-01
