1.358466316014528275e-02
4.046513512730598450e-02
5.103209242224693298e-02
-3.008892536163330078e-01
8.365811109542846680e-01
7.556408643722534180e-02
9.331895411014556885e-02
-5.750192403793334961e-01
-7.666544616222381592e-02
-2.353843748569488525e-01
-1.560438126325607300e-01
-1.805377751588821411e-01
-2.257391624152660370e-02
7.558107972145080566e-01
3.174192309379577637e-01
-2.065463811159133911e-01
1.443473100662231445e-01
6.976085901260375977e-02
-1.783591657876968384e-01
5.950438976287841797e-02
-3.157872557640075684e-01
-1.337778121232986450e-01
9.167314767837524414e-01
-2.582607269287109375e-01
-3.437641263008117676e-01
7.200602442026138306e-02
-7.014888525009155273e-01
1.396585404872894287e-01
-5.221672654151916504e-01
3.826612830162048340e-01
-2.418394237756729126e-01
-2.667145729064941406e-01
-5.194164514541625977e-01
-1.774633973836898804e-01
-5.545514225959777832e-01
3.218381106853485107e-02
2.487987875938415527e-01
-6.267539262771606445e-01
3.124144487082958221e-02
-2.674542367458343506e-01
2.279578596353530884e-01
-1.903787702322006226e-01
3.275289535522460938e-01
-5.942119359970092773e-01
-2.936243414878845215e-01
2.317177951335906982e-01
-1.267645508050918579e-01
1.407492309808731079e-01
-4.002948999404907227e-01
-5.848230123519897461e-01
1.875647902488708496e-01
-1.572998985648155212e-02
-2.932921648025512695e-01
-4.259651303291320801e-01
-1.259838044643402100e-01
4.031800627708435059e-01
3.701207041740417480e-01
-8.613229542970657349e-02
-1.680949777364730835e-01
1.869815737009048462e-01
-3.402739167213439941e-01
-4.678444266319274902e-01
-3.466781601309776306e-02
2.596119046211242676e-01
-2.164762914180755615e-01
-2.874759137630462646e-01
3.607842028141021729e-01
-6.883901357650756836e-02
1.234895065426826477e-01
7.431635260581970215e-01
-4.948908090591430664e-02
-1.167276859283447266e+00
-5.544284582138061523e-01
5.853034257888793945e-01
-3.534628450870513916e-01
3.772943317890167236e-01
-4.097959697246551514e-01
-2.091697901487350464e-01
3.665612637996673584e-01
-1.661116140894591808e-03
-6.038494110107421875e-01
-1.149404644966125488e-01
-4.496601819992065430e-01
-4.296703636646270752e-01
-2.076667994260787964e-01
-2.622303664684295654e-01
4.780916869640350342e-01
-7.541318237781524658e-02
9.229261875152587891e-01
-3.627385795116424561e-01
-2.192439883947372437e-01
-2.619473030790686607e-03
-1.569061428308486938e-01
3.360163569450378418e-01
-4.543116092681884766e-01
9.435085952281951904e-02
-9.376215934753417969e-02
1.271651834249496460e-01
4.410079866647720337e-02
-1.240081340074539185e-01
-2.396118491888046265e-01
2.807156741619110107e-02
2.047294378280639648e-01
-2.585944831371307373e-01
7.266408801078796387e-01
1.345084011554718018e-01
-9.848187863826751709e-02
8.366723060607910156e-01
-4.988192915916442871e-01
-5.741887688636779785e-01
1.186389476060867310e-01
1.103378757834434509e-01
7.687445282936096191e-01
2.385945916175842285e-01
1.901707500219345093e-01
5.286397933959960938e-01
-2.520955502986907959e-01
-5.877587795257568359e-01
-1.920473128557205200e-01
-1.807947456836700439e-01
5.212355852127075195e-01
7.969144731760025024e-02
2.609764933586120605e-01
-3.541471064090728760e-01
1.307510286569595337e-01
2.112706452608108521e-01
-3.019625902175903320e+00
5.622494220733642578e-01
