-7.094575464725494385e-02
-1.622399240732192993e-01
7.422191500663757324e-01
-1.092321500182151794e-01
3.825780153274536133e-01
-1.174907609820365906e-01
8.814603090286254883e-03
-4.821165502071380615e-01
-4.669015705585479736e-01
1.540807634592056274e-01
6.043427437543869019e-02
-1.916791498661041260e-02
-3.046768018975853920e-03
-2.480103224515914917e-01
-3.714714944362640381e-02
-3.690365850925445557e-01
-7.067168354988098145e-01
-2.573111280798912048e-02
1.181494444608688354e-02
1.122613325715065002e-01
-4.993772134184837341e-02
-6.679289937019348145e-01
3.833736293017864227e-03
-1.095822826027870178e-01
1.879758983850479126e-01
-5.823771953582763672e-01
-3.549926877021789551e-01
-3.371597230434417725e-01
-1.114594377577304840e-02
-5.965780615806579590e-01
-5.026128888130187988e-01
-3.136835992336273193e-01
-1.871255636215209961e-01
1.884439438581466675e-01
-2.064328193664550781e-01
1.950798630714416504e-01
-1.016626715660095215e+00
5.728100612759590149e-02
1.615246534347534180e+00
-6.195538640022277832e-01
2.512584030628204346e-01
2.954253256320953369e-01
2.367325276136398315e-01
6.668248176574707031e-01
-9.332039207220077515e-02
-1.005019769072532654e-01
1.977050676941871643e-02
1.258778274059295654e-01
2.973638772964477539e-01
-6.554831266403198242e-01
7.293724417686462402e-01
-1.718490719795227051e-01
-6.671407073736190796e-02
-1.882360875606536865e-01
-1.630407385528087616e-02
2.787894308567047119e-01
4.944659769535064697e-01
-3.739726245403289795e-01
6.506327390670776367e-01
1.797622591257095337e-01
-3.355346918106079102e-01
-7.193385362625122070e-01
-3.992418646812438965e-01
-1.322978287935256958e-01
7.721226215362548828e-01
5.509785562753677368e-02
-1.790318340063095093e-01
-9.476905465126037598e-01
-8.279771357774734497e-02
3.650923073291778564e-02
2.445074729621410370e-02
-1.835322231054306030e-01
-7.458066344261169434e-01
5.040895938873291016e-01
2.038751691579818726e-01
1.043969914317131042e-01
-1.148358955979347229e-01
9.107065796852111816e-01
-1.551278978586196899e-01
4.455391317605972290e-02
-4.393165707588195801e-01
-6.503763049840927124e-02
-4.826292991638183594e-01
-6.711906194686889648e-01
-3.156439661979675293e-01
-1.575364470481872559e-01
-1.889888346195220947e-01
-7.377983629703521729e-02
1.609551138244569302e-03
-2.147722542285919189e-01
-1.090337485074996948e-01
4.365169107913970947e-01
3.022344708442687988e-01
8.212740421295166016e-01
3.661398291587829590e-01
-1.598388403654098511e-01
2.437603026628494263e-01
7.675088196992874146e-02
-2.863370478153228760e-01
-9.987460076808929443e-02
-2.403945475816726685e-01
-4.238037765026092529e-02
-4.076134786009788513e-02
5.078142285346984863e-01
6.428533196449279785e-01
6.020938754081726074e-01
3.754778206348419189e-01
-1.284370571374893188e-01
-6.607367843389511108e-02
8.385758846998214722e-03
-1.795371323823928833e-01
-1.273173391819000244e-01
-2.799362540245056152e-01
4.981405138969421387e-01
-5.345303937792778015e-02
1.674379557371139526e-01
4.039826691150665283e-01
-2.466549724340438843e-01
-1.243795901536941528e-01
-4.834915325045585632e-02
7.355249524116516113e-01
-4.161740541458129883e-01
3.545667603611946106e-02
-2.795252203941345215e-01
-6.078137159347534180e-01
-1.639831513166427612e-01
-3.008623600006103516e+00
-2.446818053722381592e-01
