1.685223728418350220e-01
-1.464586406946182251e-01
4.835442006587982178e-01
-2.015326172113418579e-01
-1.013733863830566406e+00
-1.651232540607452393e-01
1.895611137151718140e-01
-3.948266804218292236e-01
5.134321749210357666e-02
-3.531267866492271423e-02
-4.196129739284515381e-01
1.394079476594924927e-01
-4.011673033237457275e-01
8.033160567283630371e-01
4.800841584801673889e-02
-3.894460499286651611e-01
1.309511438012123108e-02
-1.156185194849967957e-01
-7.219051569700241089e-02
1.742976531386375427e-02
-1.562746316194534302e-01
-4.251003563404083252e-01
-4.570317864418029785e-01
1.991023570299148560e-01
6.020452380180358887e-01
-3.821140825748443604e-01
-4.343948327004909515e-03
-2.019058912992477417e-02
-3.767604753375053406e-02
1.062205880880355835e-01
-1.900883466005325317e-01
-4.093413650989532471e-01
1.529428720474243164e+00
2.019807696342468262e-02
-1.093753650784492493e-01
5.498262047767639160e-01
-6.974993348121643066e-01
-1.417092047631740570e-02
1.204557344317436218e-01
-7.621575146913528442e-02
-3.734320402145385742e-02
9.073899686336517334e-02
1.727925539016723633e-01
-7.971433997154235840e-01
-9.561129808425903320e-01
2.211407870054244995e-01
-1.004653796553611755e-01
6.348214745521545410e-01
3.827663064002990723e-01
-1.910055279731750488e-01
1.069094777107238770e+00
-1.913778334856033325e-01
1.090676523745059967e-02
-2.014111876487731934e-01
-1.757542937994003296e-01
1.004505529999732971e-01
-1.652337312698364258e-01
-2.510494887828826904e-01
3.729175329208374023e-01
7.658431679010391235e-02
-4.278276860713958740e-01
-5.319405794143676758e-01
-2.193276584148406982e-01
4.237734526395797729e-02
3.349476456642150879e-01
-1.018503084778785706e-01
-3.131887316703796387e-01
-6.846092641353607178e-02
1.513536572456359863e-01
1.368629783391952515e-01
-3.072110414505004883e-01
-7.239623069763183594e-01
-6.434109210968017578e-01
4.434996247291564941e-01
1.138969585299491882e-01
3.054717779159545898e-01
-1.154894232749938965e-01
9.386121481657028198e-02
2.349704504013061523e-01
-3.281952142715454102e-01
-2.673717401921749115e-02
-6.048241630196571350e-02
3.342620432376861572e-01
-7.105193734169006348e-01
-2.590622901916503906e-01
-5.962224602699279785e-01
-1.528996974229812622e-01
-3.453507125377655029e-01
1.067187547683715820e+00
-7.743480056524276733e-02
-1.473405212163925171e-01
7.727238535881042480e-01
-1.705774962902069092e-01
-1.579115986824035645e-01
-2.704065479338169098e-02
-3.435440063476562500e-01
1.394800692796707153e-01
1.347209364175796509e-01
-2.153058946132659912e-01
-4.430036246776580811e-01
9.462095052003860474e-02
5.917388573288917542e-02
-1.766271889209747314e-01
-3.205642104148864746e-01
1.034776329994201660e+00
-1.330687701702117920e-01
-1.076520234346389771e-01
2.656929194927215576e-02
6.877163052558898926e-01
-3.088072538375854492e-01
-1.435978412628173828e-01
1.623961627483367920e-01
-3.751990199089050293e-01
5.236228108406066895e-01
-4.675817489624023438e-01
-4.199411869049072266e-01
-9.423492103815078735e-02
-1.132502704858779907e-01
1.405231654644012451e-01
-7.030776888132095337e-02
5.031003355979919434e-01
4.467287659645080566e-01
2.925408482551574707e-01
-1.111274585127830505e-01
-2.999602854251861572e-01
7.071127183735370636e-04
-3.060569286346435547e+00
-2.738561332225799561e-01
