1.069825142621994019e-01
4.139500483870506287e-02
7.436838746070861816e-01
6.529515981674194336e-01
3.929416835308074951e-01
1.362449824810028076e-01
-2.115492522716522217e-01
3.453993201255798340e-01
-1.371613144874572754e-01
7.917176187038421631e-02
-4.034593105316162109e-01
2.869582772254943848e-01
-1.760224550962448120e-01
-2.304244041442871094e-01
-3.060261607170104980e-01
-2.114945799112319946e-01
-9.036514759063720703e-01
1.222642287611961365e-01
-2.076415419578552246e-01
3.268854022026062012e-01
2.098702639341354370e-01
-6.021068096160888672e-01
1.214864701032638550e-01
1.790269836783409119e-02
5.024895071983337402e-01
-2.907095551490783691e-01
-4.374307990074157715e-01
-3.643583655357360840e-01
-3.044849038124084473e-01
9.722734242677688599e-02
3.062364161014556885e-01
2.089867889881134033e-01
-3.381966352462768555e-01
2.355415821075439453e-01
-1.852564215660095215e-01
-7.935392856597900391e-02
-1.117243170738220215e+00
-2.969312965869903564e-01
6.219742819666862488e-02
-4.953854680061340332e-01
-6.293499842286109924e-03
1.424106955528259277e-01
1.382681280374526978e-01
1.087901592254638672e+00
-1.279053092002868652e+00
-2.830054983496665955e-02
-3.273520469665527344e-01
-2.384829968214035034e-01
-2.182872034609317780e-02
-2.082013189792633057e-01
3.362322747707366943e-01
-9.127966314554214478e-02
-1.276375651359558105e-01
-7.381699085235595703e-01
-1.112628579139709473e-01
1.914357692003250122e-01
-9.046883136034011841e-02
4.713370203971862793e-01
2.292818129062652588e-01
-8.081887662410736084e-02
-2.876744270324707031e-01
-1.208274662494659424e-01
-6.733240485191345215e-01
-1.965248882770538330e-01
1.073468685150146484e+00
-1.686382889747619629e-01
4.293911457061767578e-01
9.661380201578140259e-02
1.560091227293014526e-01
-4.282604157924652100e-01
-2.710448801517486572e-01
-8.467421531677246094e-01
-7.031918317079544067e-02
6.653800606727600098e-01
4.097379371523857117e-02
1.740999966859817505e-01
-5.916066169738769531e-01
-3.499735295772552490e-01
8.523287177085876465e-01
2.319643646478652954e-01
-1.763170510530471802e-01
4.919621720910072327e-02
1.306774914264678955e-01
-4.130896627902984619e-01
3.527232632040977478e-02
-5.437401309609413147e-02
4.567975178360939026e-02
3.060563206672668457e-01
1.650951355695724487e-01
2.790704369544982910e-03
3.647110164165496826e-01
6.190325617790222168e-01
-4.703827798366546631e-01
-2.257341593503952026e-01
-1.896187961101531982e-01
1.038421273231506348e+00
2.465480268001556396e-01
-1.948045045137405396e-01
-1.605080366134643555e-01
-1.216986030340194702e-01
1.161162033677101135e-01
1.002905890345573425e-01
-4.185668379068374634e-02
-4.003528654575347900e-01
1.164743065834045410e+00
-3.768552541732788086e-01
-4.135353565216064453e-01
6.903550028800964355e-01
-3.454542458057403564e-01
-1.166047826409339905e-01
-4.803235828876495361e-01
-2.797431126236915588e-02
-1.212675943970680237e-01
-3.733551800251007080e-01
5.455013364553451538e-02
2.313050627708435059e-02
-1.808152049779891968e-01
-6.259438991546630859e-01
-2.635318934917449951e-01
-7.622961997985839844e-01
5.381497740745544434e-01
6.081396937370300293e-01
2.941555976867675781e-01
-4.586665928363800049e-01
-4.726129472255706787e-01
-2.412153929471969604e-01
-3.001016855239868164e+00
-9.724257513880729675e-03
