-2.009294033050537109e-01
-3.272497057914733887e-01
4.543479681015014648e-01
-8.047548681497573853e-02
-1.671167910099029541e-01
-1.287894546985626221e-01
-8.088027685880661011e-02
-4.561155736446380615e-01
1.668237298727035522e-01
4.236884117126464844e-01
-1.120495647192001343e-01
1.814056336879730225e-01
-4.635187983512878418e-02
2.569202482700347900e-01
1.462203711271286011e-01
-1.797562390565872192e-01
-4.357124269008636475e-01
-2.102899402379989624e-01
2.247356176376342773e-01
3.292448520660400391e-01
3.232144117355346680e-01
-3.257578015327453613e-01
-4.107979834079742432e-01
-5.545711144804954529e-02
-4.261174425482749939e-02
-2.494602948427200317e-01
-5.761089920997619629e-01
-1.962460428476333618e-01
-1.270515769720077515e-01
1.958930790424346924e-01
-1.090071126818656921e-01
-4.853663221001625061e-02
-1.931065768003463745e-01
-9.765601903200149536e-02
-7.846655696630477905e-02
2.006002813577651978e-01
-4.305037558078765869e-01
6.477609276771545410e-02
-2.498513460159301758e-02
-1.115857884287834167e-01
5.327787399291992188e-01
2.419393360614776611e-01
2.494070380926132202e-01
3.008858859539031982e-01
-3.029035925865173340e-01
-2.069418132305145264e-01
5.603309720754623413e-03
-1.616346091032028198e-01
-5.270286202430725098e-01
-4.091278910636901855e-01
-2.795391380786895752e-01
-1.568383276462554932e-01
-6.476975511759519577e-03
-3.197175562381744385e-01
1.084724068641662598e-01
2.631885111331939697e-01
-7.051158696413040161e-02
-7.540240883827209473e-02
-3.081691563129425049e-01
-3.082794547080993652e-01
-3.247068822383880615e-01
-6.064011454582214355e-01
3.706255257129669189e-01
4.229031205177307129e-01
7.055102586746215820e-01
-4.626201465725898743e-03
-2.534985244274139404e-01
-1.241946294903755188e-01
4.653321504592895508e-01
-8.228854089975357056e-02
-7.335112988948822021e-02
1.146458685398101807e-01
-3.080782592296600342e-01
4.507761895656585693e-01
-1.098867282271385193e-01
-1.008268967270851135e-01
-4.391026794910430908e-01
2.766723930835723877e-01
-3.350857645273208618e-02
5.432291030883789062e-01
-3.584388494491577148e-01
1.454007476568222046e-01
5.535695329308509827e-02
-2.416518330574035645e-01
-8.143892884254455566e-02
7.241146266460418701e-02
1.963898912072181702e-02
1.604062765836715698e-01
1.296594142913818359e-01
3.663812875747680664e-01
-1.941358149051666260e-01
1.279375404119491577e-01
-1.320801228284835815e-01
9.801867008209228516e-01
1.596867442131042480e-01
8.549214154481887817e-02
2.042079158127307892e-02
-1.672561019659042358e-01
-3.866314888000488281e-01
-2.100461162626743317e-02
-6.178808957338333130e-02
2.183471918106079102e-01
3.570420444011688232e-01
-3.044569194316864014e-01
5.343438982963562012e-01
-3.864199817180633545e-01
-1.610497832298278809e-01
1.971480846405029297e-01
2.865315973758697510e-01
-2.066719383001327515e-01
1.961845755577087402e-01
-1.006311923265457153e-01
-1.705817133188247681e-01
-2.300837337970733643e-01
-3.844266235828399658e-01
6.821252703666687012e-01
5.229414254426956177e-02
-1.719331145286560059e-01
-8.300121128559112549e-02
4.482020810246467590e-02
2.552103400230407715e-01
-2.383839637041091919e-01
6.508605927228927612e-02
-1.043269708752632141e-01
-9.032804965972900391e-01
2.086161077022552490e-01
-3.058524608612060547e+00
-3.795374631881713867e-01
