-1.613253504037857056e-01
2.472350001335144043e-01
5.467672348022460938e-01
5.584822967648506165e-02
3.469370007514953613e-01
6.911934167146682739e-02
-2.224767804145812988e-01
-7.417845129966735840e-01
-9.553189389407634735e-03
-7.649987936019897461e-02
-3.572632968425750732e-01
6.679829955101013184e-01
-2.872120440006256104e-01
4.652266576886177063e-02
1.164821758866310120e-01
2.055975645780563354e-01
-3.237156867980957031e-01
-2.946548759937286377e-01
8.846014142036437988e-01
8.672773241996765137e-01
-1.214092746376991272e-01
-2.390132052823901176e-03
-8.589278906583786011e-02
-1.008600369095802307e-02
-8.487068861722946167e-02
-3.311407268047332764e-01
-5.433909296989440918e-01
1.545369476079940796e-01
3.469058573246002197e-01
1.925432682037353516e-01
5.865004286170005798e-02
-2.395309507846832275e-01
4.046636447310447693e-02
-2.857879400253295898e-01
3.048144578933715820e-01
5.238411948084831238e-02
-9.760394096374511719e-01
1.751141995191574097e-01
3.014986217021942139e-01
7.354677319526672363e-01
5.377579331398010254e-01
-7.822217047214508057e-02
-1.627427339553833008e-02
-3.103507459163665771e-01
-5.222896859049797058e-02
-2.909067869186401367e-01
1.032123416662216187e-01
-2.169545292854309082e-01
-8.765127658843994141e-01
-2.860597074031829834e-01
3.606667518615722656e-01
-4.503661692142486572e-01
7.638070732355117798e-02
-3.078104853630065918e-01
5.623988509178161621e-01
2.099422812461853027e-01
1.009723078459501266e-02
-4.638700932264328003e-02
-1.451667957007884979e-02
-5.030368566513061523e-01
-3.984944224357604980e-01
1.006559059023857117e-01
2.916971454396843910e-03
4.332622587680816650e-01
5.080997943878173828e-01
-4.202777147293090820e-01
-2.783667445182800293e-01
4.766300693154335022e-02
-2.209687083959579468e-01
-3.467997610569000244e-01
9.286671876907348633e-01
8.860677480697631836e-02
-8.019308447837829590e-01
4.536101818084716797e-01
2.502892017364501953e-01
-1.771478168666362762e-02
-3.421903252601623535e-01
1.897980272769927979e-01
-4.030365496873855591e-02
4.057643413543701172e-01
-1.748618841171264648e+00
1.185372397303581238e-01
2.200167030096054077e-01
-3.616260886192321777e-01
-5.417506024241447449e-02
2.467379719018936157e-01
2.680900394916534424e-01
1.072785377502441406e+00
-1.533591281622648239e-02
2.654454410076141357e-01
2.089215070009231567e-02
-3.845381736755371094e-01
-4.140025973320007324e-01
-1.813655644655227661e-01
1.546329557895660400e-01
2.858371138572692871e-01
-2.193162739276885986e-01
-3.067285716533660889e-01
-4.966953098773956299e-01
3.770489096641540527e-01
-2.631500661373138428e-01
3.674673736095428467e-01
-7.219809293746948242e-02
7.392319291830062866e-02
3.999716341495513916e-01
-4.286893904209136963e-01
-4.445398151874542236e-01
-1.314464509487152100e-01
1.909201741218566895e-01
-4.739008545875549316e-01
5.761489868164062500e-01
-2.040207237005233765e-01
-5.631533861160278320e-01
-5.497190356254577637e-02
1.855897903442382812e-01
1.080573648214340210e-01
1.695897728204727173e-01
-4.894847869873046875e-01
1.423030346632003784e-01
-6.859730184078216553e-02
4.889820516109466553e-01
-2.364403456449508667e-01
1.074077710509300232e-01
-3.280470669269561768e-01
-8.731620907783508301e-01
-2.345238029956817627e-01
-3.040987491607666016e+00
-3.560392186045646667e-03
